1 -0.338828 0 -1
2 -0.033342 0 -0.639001
3 -0.338828 -0.19509 -0.980785
4 -0.033342 -0.124663 -0.626723
5 -0.338828 -0.382683 -0.923879
6 -0.033342 -0.244535 -0.59036
7 -0.338828 -0.55557 -0.831469
8 -0.033342 -0.35501 -0.53131
9 -0.338828 -0.707107 -0.707107
10 -0.033342 -0.451842 -0.451842
11 -0.338828 -0.831469 -0.55557
12 -0.033342 -0.53131 -0.35501
13 -0.338828 -0.923879 -0.382683
14 -0.033342 -0.59036 -0.244535
15 -0.338828 -0.980785 -0.19509
16 -0.033342 -0.626723 -0.124663
17 -0.338828 -1 0
18 -0.033342 -0.639001 -0
19 -0.338828 -0.980785 0.19509
20 -0.033342 -0.626723 0.124663
21 -0.338828 -0.92388 0.382683
22 -0.033342 -0.59036 0.244535
23 -0.338828 -0.83147 0.55557
24 -0.033342 -0.53131 0.35501
25 -0.338828 -0.707107 0.707107
26 -0.033342 -0.451842 0.451842
27 -0.338828 -0.55557 0.83147
28 -0.033342 -0.35501 0.53131
29 -0.338828 -0.382684 0.92388
30 -0.033342 -0.244535 0.59036
31 -0.338828 -0.19509 0.980785
32 -0.033342 -0.124663 0.626723
33 -0.338828 -0 1
34 -0.033342 -0 0.639001
35 -0.338828 0.19509 0.980785
36 -0.033342 0.124663 0.626723
37 -0.338828 0.382683 0.92388
38 -0.033342 0.244535 0.59036
39 -0.338828 0.55557 0.83147
40 -0.033342 0.35501 0.53131
41 -0.338828 0.707107 0.707107
42 -0.033342 0.451842 0.451842
43 -0.338828 0.83147 0.55557
44 -0.033342 0.53131 0.35501
45 -0.338828 0.92388 0.382684
46 -0.033342 0.59036 0.244535
47 -0.338828 0.980785 0.195091
48 -0.033342 0.626723 0.124663
49 -0.338828 1 0
50 -0.033342 0.639001 -0
51 -0.338828 0.980785 -0.19509
52 -0.033342 0.626723 -0.124663
53 -0.338828 0.92388 -0.382683
54 -0.033342 0.59036 -0.244535
55 -0.338828 0.83147 -0.55557
56 -0.033342 0.53131 -0.35501
57 -0.338828 0.707107 -0.707106
58 -0.033342 0.451842 -0.451842
59 -0.338828 0.55557 -0.831469
60 -0.033342 0.35501 -0.53131
61 -0.338828 0.382684 -0.923879
62 -0.033342 0.244535 -0.59036
63 -0.338828 0.195091 -0.980785
64 -0.033342 0.124663 -0.626723
65 -0.033342 -0.19509 -0.980785
66 -0.033342 0 -1
67 -0.033342 -0.382683 -0.92388
68 -0.033342 -0.55557 -0.83147
69 -0.033342 -0.707107 -0.707107
70 -0.033342 -0.83147 -0.55557
71 -0.033342 -0.92388 -0.382684
72 -0.033342 -0.980785 -0.195091
73 -0.033342 -1 -0
74 -0.033342 -0.980785 0.19509
75 -0.033342 -0.92388 0.382683
76 -0.033342 -0.83147 0.55557
77 -0.033342 -0.707107 0.707106
78 -0.033342 -0.55557 0.831469
79 -0.033342 -0.382684 0.923879
80 -0.033342 -0.195091 0.980785
81 -0.033342 -0 1
82 -0.033342 0.19509 0.980785
83 -0.033342 0.382683 0.923879
84 -0.033342 0.55557 0.831469
85 -0.033342 0.707107 0.707107
86 -0.033342 0.831469 0.55557
87 -0.033342 0.923879 0.382683
88 -0.033342 0.980785 0.19509
89 -0.033342 1 0
90 -0.033342 0.980785 -0.19509
91 -0.033342 0.92388 -0.382683
92 -0.033342 0.83147 -0.55557
93 -0.033342 0.707107 -0.707107
94 -0.033342 0.55557 -0.83147
95 -0.033342 0.382684 -0.92388
96 -0.033342 0.19509 -0.980785
97 -0.033342 -0.186381 -0.937002
98 -0.033342 0 -0.955359
99 -0.033342 -0.3656 -0.882637
100 -0.033342 -0.530769 -0.794352
101 -0.033342 -0.675541 -0.675541
102 -0.033342 -0.794352 -0.530769
103 -0.033342 -0.882637 -0.3656
104 -0.033342 -0.937002 -0.186382
105 -0.033342 -0.955359 -0
106 -0.033342 -0.937002 0.186381
107 -0.033342 -0.882637 0.3656
108 -0.033342 -0.794352 0.530769
109 -0.033342 -0.675541 0.675541
110 -0.033342 -0.530769 0.794352
111 -0.033342 -0.3656 0.882637
112 -0.033342 -0.186382 0.937002
113 -0.033342 -0 0.955359
114 -0.033342 0.186381 0.937002
115 -0.033342 0.3656 0.882637
116 -0.033342 0.530769 0.794352
117 -0.033342 0.675541 0.675541
118 -0.033342 0.794352 0.530769
119 -0.033342 0.882637 0.3656
120 -0.033342 0.937002 0.186381
121 -0.033342 0.955359 0
122 -0.033342 0.937002 -0.186381
123 -0.033342 0.882637 -0.3656
124 -0.033342 0.794352 -0.530769
125 -0.033342 0.675541 -0.675541
126 -0.033342 0.530769 -0.794352
127 -0.033342 0.3656 -0.882637
128 -0.033342 0.186381 -0.937002
129 -0.033342 -0.172725 -0.868345
130 -0.033342 0 -0.885357
131 -0.033342 -0.338812 -0.817964
132 -0.033342 -0.491878 -0.736148
133 -0.033342 -0.626042 -0.626042
134 -0.033342 -0.736148 -0.491878
135 -0.033342 -0.817964 -0.338812
136 -0.033342 -0.868346 -0.172725
137 -0.033342 -0.885357 -0
138 -0.033342 -0.868346 0.172724
139 -0.033342 -0.817964 0.338811
140 -0.033342 -0.736148 0.491878
141 -0.033342 -0.626042 0.626042
142 -0.033342 -0.491878 0.736147
143 -0.033342 -0.338812 0.817963
144 -0.033342 -0.172725 0.868345
145 -0.033342 -0 0.885357
146 -0.033342 0.172725 0.868345
147 -0.033342 0.338811 0.817963
148 -0.033342 0.491878 0.736148
149 -0.033342 0.626042 0.626042
150 -0.033342 0.736148 0.491878
151 -0.033342 0.817963 0.338812
152 -0.033342 0.868345 0.172725
153 -0.033342 0.885357 0
154 -0.033342 0.868345 -0.172725
155 -0.033342 0.817963 -0.338812
156 -0.033342 0.736148 -0.491878
157 -0.033342 0.626042 -0.626042
158 -0.033342 0.491878 -0.736148
159 -0.033342 0.338812 -0.817964
160 -0.033342 0.172725 -0.868345
161 -0.109761 -0.172725 -0.868345
162 -0.109761 0 -0.885357
163 -0.109761 -0.338812 -0.817964
164 -0.109761 -0.491878 -0.736148
165 -0.109761 -0.626042 -0.626042
166 -0.109761 -0.736148 -0.491878
167 -0.109761 -0.817964 -0.338812
168 -0.109761 -0.868346 -0.172725
169 -0.109761 -0.885357 -0
170 -0.109761 -0.868346 0.172724
171 -0.109761 -0.817964 0.338811
172 -0.109761 -0.736148 0.491878
173 -0.109761 -0.626042 0.626042
174 -0.109761 -0.491878 0.736147
175 -0.109761 -0.338812 0.817963
176 -0.109761 -0.172725 0.868345
177 -0.109761 -0 0.885357
178 -0.109761 0.172725 0.868345
179 -0.109761 0.338811 0.817963
180 -0.109761 0.491878 0.736148
181 -0.109761 0.626042 0.626042
182 -0.109761 0.736148 0.491878
183 -0.109761 0.817963 0.338812
184 -0.109761 0.868345 0.172725
185 -0.109761 0.885357 0
186 -0.109761 0.868345 -0.172725
187 -0.109761 0.817963 -0.338812
188 -0.109761 0.736148 -0.491878
189 -0.109761 0.626042 -0.626042
190 -0.109761 0.491878 -0.736148
191 -0.109761 0.338812 -0.817964
192 -0.109761 0.172725 -0.868345
193 -0.109761 -0.158912 -0.798906
194 -0.109761 0 -0.814558
195 -0.109761 -0.311718 -0.752553
196 -0.109761 -0.452544 -0.67728
197 -0.109761 -0.575979 -0.57598
198 -0.109761 -0.67728 -0.452544
199 -0.109761 -0.752553 -0.311718
200 -0.109761 -0.798906 -0.158913
201 -0.109761 -0.814558 -0
202 -0.109761 -0.798906 0.158912
203 -0.109761 -0.752553 0.311718
204 -0.109761 -0.67728 0.452544
205 -0.109761 -0.57598 0.575979
206 -0.109761 -0.452544 0.67728
207 -0.109761 -0.311718 0.752553
208 -0.109761 -0.158913 0.798906
209 -0.109761 -0 0.814558
210 -0.109761 0.158912 0.798906
211 -0.109761 0.311718 0.752553
212 -0.109761 0.452544 0.67728
213 -0.109761 0.575979 0.575979
214 -0.109761 0.67728 0.452544
215 -0.109761 0.752553 0.311718
216 -0.109761 0.798906 0.158912
217 -0.109761 0.814558 0
218 -0.109761 0.798906 -0.158912
219 -0.109761 0.752553 -0.311718
220 -0.109761 0.67728 -0.452544
221 -0.109761 0.575979 -0.575979
222 -0.109761 0.452544 -0.67728
223 -0.109761 0.311718 -0.752553
224 -0.109761 0.158912 -0.798906
225 -0.398432 0 -1
226 -0.398432 -0.19509 -0.980785
227 -0.398432 -0.382683 -0.923879
228 -0.398432 -0.55557 -0.831469
229 -0.398432 -0.707107 -0.707107
230 -0.398432 -0.831469 -0.55557
231 -0.398432 -0.923879 -0.382683
232 -0.398432 -0.980785 -0.19509
233 -0.398432 -1 0
234 -0.398432 -0.980785 0.19509
235 -0.398432 -0.92388 0.382683
236 -0.398432 -0.83147 0.55557
237 -0.398432 -0.707107 0.707107
238 -0.398432 -0.55557 0.83147
239 -0.398432 -0.382684 0.92388
240 -0.398432 -0.19509 0.980785
241 -0.398432 -0 1
242 -0.398432 0.19509 0.980785
243 -0.398432 0.382683 0.92388
244 -0.398432 0.55557 0.83147
245 -0.398432 0.707107 0.707107
246 -0.398432 0.83147 0.55557
247 -0.398432 0.92388 0.382684
248 -0.398432 0.980785 0.195091
249 -0.398432 1 0
250 -0.398432 0.980785 -0.19509
251 -0.398432 0.92388 -0.382683
252 -0.398432 0.83147 -0.55557
253 -0.398432 0.707107 -0.707106
254 -0.398432 0.55557 -0.831469
255 -0.398432 0.382684 -0.923879
256 -0.398432 0.195091 -0.980785
257 -0.784535 0 -1
258 -0.784535 -0.19509 -0.980785
259 -0.784535 -0.382683 -0.923879
260 -0.784535 -0.55557 -0.831469
261 -0.784535 -0.707107 -0.707107
262 -0.784535 -0.831469 -0.55557
263 -0.784535 -0.923879 -0.382683
264 -0.784535 -0.980785 -0.19509
265 -0.784535 -1 0
266 -0.784535 -0.980785 0.19509
267 -0.784535 -0.92388 0.382683
268 -0.784535 -0.83147 0.55557
269 -0.784535 -0.707107 0.707107
270 -0.784535 -0.55557 0.83147
271 -0.784535 -0.382684 0.92388
272 -0.784535 -0.19509 0.980785
273 -0.784535 -0 1
274 -0.784535 0.19509 0.980785
275 -0.784535 0.382683 0.92388
276 -0.784535 0.55557 0.83147
277 -0.784535 0.707107 0.707107
278 -0.784535 0.83147 0.55557
279 -0.784535 0.92388 0.382684
280 -0.784535 0.980785 0.195091
281 -0.784535 1 0
282 -0.784535 0.980785 -0.19509
283 -0.784535 0.92388 -0.382683
284 -0.784535 0.83147 -0.55557
285 -0.784535 0.707107 -0.707106
286 -0.784535 0.55557 -0.831469
287 -0.784535 0.382684 -0.923879
288 -0.784535 0.195091 -0.980785
289 -0.033342 -0.158912 -0.798906
290 -0.033342 0 -0.814558
291 -0.033342 -0.311718 -0.752553
292 -0.033342 -0.452544 -0.67728
293 -0.033342 -0.575979 -0.57598
294 -0.033342 -0.67728 -0.452544
295 -0.033342 -0.752553 -0.311718
296 -0.033342 -0.798906 -0.158913
297 -0.033342 -0.814558 -0
298 -0.033342 -0.798906 0.158912
299 -0.033342 -0.752553 0.311718
300 -0.033342 -0.67728 0.452544
301 -0.033342 -0.57598 0.575979
302 -0.033342 -0.452544 0.67728
303 -0.033342 -0.311718 0.752553
304 -0.033342 -0.158913 0.798906
305 -0.033342 -0 0.814558
306 -0.033342 0.158912 0.798906
307 -0.033342 0.311718 0.752553
308 -0.033342 0.452544 0.67728
309 -0.033342 0.575979 0.575979
310 -0.033342 0.67728 0.452544
311 -0.033342 0.752553 0.311718
312 -0.033342 0.798906 0.158912
313 -0.033342 0.814558 0
314 -0.033342 0.798906 -0.158912
315 -0.033342 0.752553 -0.311718
316 -0.033342 0.67728 -0.452544
317 -0.033342 0.575979 -0.575979
318 -0.033342 0.452544 -0.67728
319 -0.033342 0.311718 -0.752553
320 -0.033342 0.158912 -0.798906
321 -0.186085 1.58766 0.353276
322 -0.186085 0.881105 0.353276
323 -0.186085 1.58766 -0.353276
324 -0.186085 0.881105 -0.353276
325 -0.536687 -1.48514 0.660908
326 -0.48036 -0.816645 0.310161
327 -0.718606 -1.05608 1.25018
328 -0.617223 -0.493848 0.753484
329 -0.772395 -1.27875 0.916782
330 -0.693539 -0.663387 0.493063
331 -0.463792 -1.48278 0.681695
332 -0.407465 -0.814286 0.330948
333 -0.645711 -1.05372 1.27096
334 -0.544327 -0.491489 0.77427
335 -0.699499 -1.27639 0.937568
336 -0.620644 -0.661028 0.513849
337 -0.341413 1.6303 0.350348
338 -0.372253 0.881177 0.245721
339 -0.570899 1.64633 -0.364847
340 -0.544902 0.893239 -0.292341
341 -0.599051 1.63779 0.03859
342 -0.601472 0.886688 0.022529
343 -0.269222 1.6327 0.327238
344 -0.300062 0.883579 0.222611
345 -0.498708 1.64873 -0.387957
346 -0.472711 0.895641 -0.315452
347 -0.52686 1.6402 0.01548
348 -0.529282 0.889091 -0.000581
349 -0.353629 0.832585 -1.44257
350 -0.379791 0.501021 -0.762525
351 -0.570977 0.153493 -1.67925
352 -0.543309 -0.00988 -0.940587
353 -0.605954 0.533984 -1.54647
354 -0.605201 0.286516 -0.83712
355 -0.281065 0.812607 -1.45188
356 -0.307228 0.481043 -0.771839
357 -0.498413 0.133514 -1.68856
358 -0.470745 -0.029858 -0.9499
359 -0.53339 0.514005 -1.55579
360 -0.532638 0.266537 -0.846433
361 -0.332265 -1.11903 -1.23814
362 -0.368711 -0.575327 -0.712651
363 -0.542932 -1.55776 -0.665807
364 -0.527202 -0.905392 -0.282068
365 -0.581631 -1.31451 -0.986678
366 -0.591989 -0.716472 -0.532065
367 -0.259477 -1.1328 -1.2219
368 -0.295923 -0.589097 -0.696415
369 -0.470144 -1.57153 -0.649571
370 -0.454413 -0.919163 -0.265832
371 -0.508843 -1.32828 -0.970442
372 -0.519201 -0.730242 -0.515828
373 -0.571754 0.217116 1.60075
374 -0.503936 0.086685 0.858143
375 -0.661441 0.927612 1.37365
376 -0.57141 0.621212 0.687286
377 -0.764757 0.550561 1.4775
378 -0.685832 0.332146 0.763013
379 -0.497136 0.228752 1.60769
380 -0.429318 0.098321 0.865078
381 -0.586823 0.939248 1.38058
382 -0.496792 0.632849 0.694222
383 -0.690139 0.562197 1.48443
384 -0.611214 0.343782 0.769949
385 0 0 -1.78809
386 -0 0.348839 -1.75373
387 -0 0.684273 -1.65198
388 -0 0.99341 -1.48674
389 -0 1.26437 -1.26437
390 -0 1.48674 -0.99341
391 -0 1.65198 -0.684273
392 -0 1.75373 -0.348839
393 -0 1.78809 0
394 -0 1.75373 0.348839
395 -0 1.65198 0.684273
396 -0 1.48674 0.99341
397 -0 1.26437 1.26437
398 -0 0.99341 1.48674
399 -0 0.684273 1.65198
400 -0 0.348839 1.75373
401 0 0 1.78809
402 0 -0.348839 1.75373
403 0 -0.684273 1.65198
404 0 -0.99341 1.48674
405 0 -1.26437 1.26437
406 0 -1.48674 0.99341
407 0 -1.65198 0.684273
408 0 -1.75373 0.348839
409 0 -1.78809 0
410 0 -1.75373 -0.348839
411 0 -1.65198 -0.684273
412 0 -1.48674 -0.99341
413 0 -1.26437 -1.26437
414 0 -0.99341 -1.48674
415 0 -0.684273 -1.65198
416 0 -0.348839 -1.75373
417 -0 1e-06 -2.1
418 -0 0.499401 -2.1
419 -0 0.97961 -2.1
420 -0 1.97566 -2.12844
421 -0 1.97566 -1.81009
422 0 1.97566 -1.42218
423 0 1.97566 -0.979612
424 0 1.97566 -0.499402
425 0 1.97566 0
426 0 1.97566 0.499402
427 0 1.97566 0.979612
428 0 1.97566 1.42218
429 -0 1.97566 1.81009
430 -0 1.97566 2.12844
431 -0 0.979612 2.1
432 -0 0.499402 2.1
433 0 0 2.1
434 0 -0.499402 2.1
435 0 -0.979612 2.1
436 0 -1.97566 2.12844
437 0 -1.97566 1.81009
438 0 -1.97566 1.42218
439 0 -1.97566 0.979612
440 0 -1.97566 0.499402
441 0 -1.97566 0
442 0 -1.97566 -0.499402
443 0 -1.97566 -0.979612
444 0 -1.97566 -1.42218
445 0 -1.97566 -1.81009
446 0 -1.97566 -2.12844
447 0 -0.979611 -2.1
448 0 -0.499401 -2.1
449 0 1.97566 -1.42218
450 0 1.97566 -0.979612
451 0 1.97566 -0.499402
452 0 1.97566 0
453 0 1.97566 0.499402
454 0 1.97566 0.979612
455 0 1.97566 1.42218
456 -0.125264 0.348839 -1.75373
457 -0.125264 0 -1.78809
458 -0.125264 0.684273 -1.65198
459 -0.125264 0.99341 -1.48674
460 -0.125264 1.26437 -1.26437
461 -0.125264 1.48674 -0.99341
462 -0.125264 1.65198 -0.684273
463 -0.125264 1.75373 -0.348839
464 -0.125264 1.78809 0
465 -0.125264 1.75373 0.348839
466 -0.125264 1.65198 0.684273
467 -0.125264 1.48674 0.99341
468 -0.125264 1.26437 1.26437
469 -0.125264 0.99341 1.48674
470 -0.125264 0.684273 1.65198
471 -0.125264 0.348839 1.75373
472 -0.125264 0 1.78809
473 -0.125264 -0.348839 1.75373
474 -0.125264 -0.684273 1.65198
475 -0.125264 -0.99341 1.48674
476 -0.125264 -1.26437 1.26437
477 -0.125264 -1.48674 0.99341
478 -0.125264 -1.65198 0.684273
479 -0.125264 -1.75373 0.348839
480 -0.125264 -1.78809 0
481 -0.125264 -1.75373 -0.348839
482 -0.125264 -1.65198 -0.684273
483 -0.125264 -1.48674 -0.99341
484 -0.125264 -1.26437 -1.26437
485 -0.125264 -0.99341 -1.48674
486 -0.125264 -0.684273 -1.65198
487 -0.125264 -0.348839 -1.75373
488 -0.125264 0.499401 -2.1
489 -0.125264 1e-06 -2.1
490 -0.125264 0.97961 -2.1
491 -0.125264 1.97566 -2.12844
492 -0.125264 1.97566 -1.81009
493 -0.125264 1.97566 -1.42218
494 -0.125264 1.97566 -0.979612
495 -0.125264 1.97566 -0.499402
496 -0.125264 1.97566 0
497 -0.125264 1.97566 0.499402
498 -0.125264 1.97566 0.979612
499 -0.125264 1.97566 1.42218
500 -0.125264 1.97566 1.81009
501 -0.125264 1.97566 2.12844
502 -0.125264 0.979612 2.1
503 -0.125264 0.499402 2.1
504 -0.125264 0 2.1
505 -0.125264 -0.499402 2.1
506 -0.125264 -0.979612 2.1
507 -0.125264 -1.97566 2.12844
508 -0.125264 -1.97566 1.81009
509 -0.125264 -1.97566 1.42218
510 -0.125264 -1.97566 0.979612
511 -0.125264 -1.97566 0.499402
512 -0.125264 -1.97566 0
513 -0.125264 -1.97566 -0.499402
514 -0.125264 -1.97566 -0.979612
515 -0.125264 -1.97566 -1.42218
516 -0.125264 -1.97566 -1.81009
517 -0.125264 -1.97566 -2.12844
518 -0.125264 -0.979611 -2.1
519 -0.125264 -0.499401 -2.1
520 -0.125264 1.97566 -0.979612
521 -0.125264 1.97566 -1.42218
522 -0.125264 1.97566 -0.499402
523 -0.125264 1.97566 0
524 -0.125264 1.97566 0.499402
525 -0.125264 1.97566 0.979612
526 -0.125264 1.97566 1.42218
527 -0.743812 0 -1.78809
528 -0.743812 0.348839 -1.75373
529 -0.743812 0.684273 -1.65198
530 -0.743812 0.99341 -1.48674
531 -0.743812 1.26437 -1.26437
532 -0.743812 1.48674 -0.99341
533 -0.743812 1.65198 -0.684273
534 -0.743812 1.75373 -0.348839
535 -0.743812 1.78809 0
536 -0.743812 1.75373 0.348839
537 -0.743812 1.65198 0.684273
538 -0.743812 1.48674 0.99341
539 -0.743812 1.26437 1.26437
540 -0.743812 0.99341 1.48674
541 -0.743812 0.684273 1.65198
542 -0.743812 0.348839 1.75373
543 -0.743812 0 1.78809
544 -0.743812 -0.348839 1.75373
545 -0.743812 -0.684273 1.65198
546 -0.743812 -0.99341 1.48674
547 -0.743812 -1.26437 1.26437
548 -0.743812 -1.48674 0.99341
549 -0.743812 -1.65198 0.684273
550 -0.743812 -1.75373 0.348839
551 -0.743812 -1.78809 0
552 -0.743812 -1.75373 -0.348839
553 -0.743812 -1.65198 -0.684273
554 -0.743812 -1.48674 -0.99341
555 -0.743812 -1.26437 -1.26437
556 -0.743812 -0.99341 -1.48674
557 -0.743812 -0.684273 -1.65198
558 -0.743812 -0.348839 -1.75373
559 -0.743812 1e-06 -2.1
560 -0.743812 0.499401 -2.1
561 -0.743812 0.97961 -2.1
562 -0.743812 1.97566 -2.12844
563 -0.743812 1.97566 -1.81009
564 -0.743812 1.97566 -1.42218
565 -0.743812 1.97566 -0.979612
566 -0.743812 1.97566 -0.499402
567 -0.743812 1.97566 0
568 -0.743812 1.97566 0.499402
569 -0.743812 1.97566 0.979612
570 -0.743812 1.97566 1.42218
571 -0.743812 1.97566 1.81009
572 -0.743812 1.97566 2.12844
573 -0.743812 0.979612 2.1
574 -0.743812 0.499402 2.1
575 -0.743812 0 2.1
576 -0.743812 -0.499402 2.1
577 -0.743812 -0.979612 2.1
578 -0.743812 -1.97566 2.12844
579 -0.743812 -1.97566 1.81009
580 -0.743812 -1.97566 1.42218
581 -0.743812 -1.97566 0.979612
582 -0.743812 -1.97566 0.499402
583 -0.743812 -1.97566 0
584 -0.743812 -1.97566 -0.499402
585 -0.743812 -1.97566 -0.979612
586 -0.743812 -1.97566 -1.42218
587 -0.743812 -1.97566 -1.81009
588 -0.743812 -1.97566 -2.12844
589 -0.743812 -0.979611 -2.1
590 -0.743812 -0.499401 -2.1
591 -0.743812 1.97566 -1.42218
592 -0.743812 1.97566 -0.979612
593 -0.743812 1.97566 -0.499402
594 -0.743812 1.97566 0
595 -0.743812 1.97566 0.499402
596 -0.743812 1.97566 0.979612
597 -0.743812 1.97566 1.42218
598 -0.869077 0.348839 -1.75373
599 -0.869077 0 -1.78809
600 -0.869077 0.684273 -1.65198
601 -0.869077 0.99341 -1.48674
602 -0.869077 1.26437 -1.26437
603 -0.869077 1.48674 -0.99341
604 -0.869077 1.65198 -0.684273
605 -0.869077 1.75373 -0.348839
606 -0.869077 1.78809 0
607 -0.869077 1.75373 0.348839
608 -0.869077 1.65198 0.684273
609 -0.869077 1.48674 0.99341
610 -0.869077 1.26437 1.26437
611 -0.869077 0.99341 1.48674
612 -0.869077 0.684273 1.65198
613 -0.869077 0.348839 1.75373
614 -0.869077 0 1.78809
615 -0.869077 -0.348839 1.75373
616 -0.869077 -0.684273 1.65198
617 -0.869077 -0.99341 1.48674
618 -0.869076 -1.26437 1.26437
619 -0.869076 -1.48674 0.99341
620 -0.869076 -1.65198 0.684273
621 -0.869076 -1.75373 0.348839
622 -0.869076 -1.78809 0
623 -0.869076 -1.75373 -0.348839
624 -0.869076 -1.65198 -0.684273
625 -0.869076 -1.48674 -0.99341
626 -0.869076 -1.26437 -1.26437
627 -0.869077 -0.99341 -1.48674
628 -0.869077 -0.684273 -1.65198
629 -0.869077 -0.348839 -1.75373
630 -0.869077 0.499401 -2.1
631 -0.869077 1e-06 -2.1
632 -0.869077 0.97961 -2.1
633 -0.869077 1.97566 -2.12844
634 -0.869077 1.97566 -1.81009
635 -0.869076 1.97566 -1.42218
636 -0.869076 1.97566 -0.979612
637 -0.869076 1.97566 -0.499402
638 -0.869076 1.97566 0
639 -0.869076 1.97566 0.499402
640 -0.869076 1.97566 0.979612
641 -0.869076 1.97566 1.42218
642 -0.869077 1.97566 1.81009
643 -0.869077 1.97566 2.12844
644 -0.869077 0.979612 2.1
645 -0.869077 0.499402 2.1
646 -0.869077 0 2.1
647 -0.869077 -0.499402 2.1
648 -0.869077 -0.979612 2.1
649 -0.869076 -1.97566 2.12844
650 -0.869076 -1.97566 1.81009
651 -0.869076 -1.97566 1.42218
652 -0.869076 -1.97566 0.979612
653 -0.869076 -1.97566 0.499402
654 -0.869076 -1.97566 0
655 -0.869076 -1.97566 -0.499402
656 -0.869076 -1.97566 -0.979612
657 -0.869076 -1.97566 -1.42218
658 -0.869076 -1.97566 -1.81009
659 -0.869076 -1.97566 -2.12844
660 -0.869077 -0.979611 -2.1
661 -0.869077 -0.499401 -2.1
662 -0.869076 1.97566 -0.979612
663 -0.869076 1.97566 -1.42218
664 -0.869076 1.97566 -0.499402
665 -0.869076 1.97566 0
666 -0.869076 1.97566 0.499402
667 -0.869076 1.97566 0.979612
668 -0.869076 1.97566 1.42218
669 -0.373656 0.99341 -1.48674
670 -0.373656 0.684273 -1.65198
671 -0.373656 1.26437 -1.26437
672 -0.373656 1.48674 -0.99341
673 -0.373656 1.26437 1.26437
674 -0.373656 1.48674 0.99341
675 -0.373656 0.99341 1.48674
676 -0.373656 0.684273 1.65198
677 -0.373656 -0.99341 1.48674
678 -0.373656 -0.684273 1.65198
679 -0.373656 -1.26437 1.26437
680 -0.373656 -1.48674 0.99341
681 -0.373656 -1.26437 -1.26437
682 -0.373656 -1.48674 -0.99341
683 -0.373656 -0.99341 -1.48674
684 -0.373656 -0.684273 -1.65198
685 -0.373656 1.97566 -2.12844
686 -0.373656 0.97961 -2.1
687 -0.373656 1.97566 -1.81009
688 -0.373656 1.97566 -1.42218
689 -0.373656 1.97566 1.81009
690 -0.373656 1.97566 1.42218
691 -0.373656 1.97566 2.12844
692 -0.373656 0.979612 2.1
693 -0.373656 -1.97566 2.12844
694 -0.373656 -0.979612 2.1
695 -0.373656 -1.97566 1.81009
696 -0.373656 -1.97566 1.42218
697 -0.373656 -1.97566 -1.81009
698 -0.373656 -1.97566 -1.42218
699 -0.373656 -1.97566 -2.12844
700 -0.373656 -0.979611 -2.1
701 -0.483875 0.99341 -1.48674
702 -0.483875 0.684273 -1.65198
703 -0.483875 1.26437 -1.26437
704 -0.483875 1.48674 -0.99341
705 -0.483875 1.26437 1.26437
706 -0.483875 1.48674 0.99341
707 -0.483875 0.99341 1.48674
708 -0.483875 0.684273 1.65198
709 -0.483875 -0.99341 1.48674
710 -0.483875 -0.684273 1.65198
711 -0.483875 -1.26437 1.26437
712 -0.483874 -1.48674 0.99341
713 -0.483875 -1.26437 -1.26437
714 -0.483874 -1.48674 -0.99341
715 -0.483875 -0.99341 -1.48674
716 -0.483875 -0.684273 -1.65198
717 -0.483875 1.97566 -2.12844
718 -0.483875 0.97961 -2.1
719 -0.483875 1.97566 -1.81009
720 -0.483874 1.97566 -1.42218
721 -0.483875 1.97566 1.81009
722 -0.483874 1.97566 1.42218
723 -0.483875 1.97566 2.12844
724 -0.483875 0.979612 2.1
725 -0.483874 -1.97566 2.12844
726 -0.483875 -0.979612 2.1
727 -0.483874 -1.97566 1.81009
728 -0.483874 -1.97566 1.42218
729 -0.483874 -1.97566 -1.81009
730 -0.483874 -1.97566 -1.42218
731 -0.483874 -1.97566 -2.12844
732 -0.483875 -0.979611 -2.1
733 -0.634444 1.30236 1.23495
734 -0.48338 0.700129 0.618592
735 -0.626807 1.18455 1.35193
736 -0.475743 0.582322 0.735569
737 -0.468442 1.32832 1.25026
738 -0.317378 0.726096 0.633906
739 -0.460804 1.21052 1.36724
740 -0.309741 0.60829 0.750883
741 -0.513092 -1.26469 1.32705
742 -0.420281 -0.642386 0.719163
743 -0.50387 -1.38135 1.20903
744 -0.411059 -0.75904 0.60115
745 -0.345588 -1.2709 1.34627
746 -0.252777 -0.64859 0.738386
747 -0.336365 -1.38755 1.22826
748 -0.243555 -0.765244 0.620373
749 -0.612177 1.21121 -1.3349
750 -0.469248 0.600113 -0.725372
751 -0.615703 1.32814 -1.21685
752 -0.472773 0.717038 -0.607319
753 -0.445765 1.23329 -1.35179
754 -0.302835 0.622186 -0.742264
755 -0.44929 1.35021 -1.23374
756 -0.306361 0.739111 -0.624211
757 -0.490825 -1.35583 -1.2428
758 -0.406149 -0.742402 -0.624801
759 -0.492765 -1.23776 -1.35974
760 -0.408089 -0.624325 -0.741738
761 -0.322911 -1.36593 -1.25579
762 -0.238235 -0.752501 -0.637784
763 -0.324851 -1.24785 -1.37272
764 -0.240175 -0.634424 -0.754721
765 -0.186085 0 0
766 0.813915 0 0
Faces:
1 66 65 3.
3 65 67 5.
5 67 68 7.
7 68 69 9.
9 69 70 11.
11 70 71 13.
13 71 72 15.
15 72 73 17.
17 73 74 19.
19 74 75 21.
21 75 76 23.
23 76 77 25.
25 77 78 27.
27 78 79 29.
29 79 80 31.
31 80 81 33.
33 81 82 35.
35 82 83 37.
37 83 84 39.
39 84 85 41.
41 85 86 43.
43 86 87 45.
45 87 88 47.
47 88 89 49.
49 89 90 51.
51 90 91 53.
53 91 92 55.
55 92 93 57.
57 93 94 59.
59 94 95 61.
4 2 64 62 60 58 56 54 52 50 48 46 44 42 40 38 36 34 32 30 28 26 24 22 20 18 16 14 12 10 8 6.
61 95 96 63.
63 96 66 1.
98 97 65 66.
97 99 67 65.
99 100 68 67.
100 101 69 68.
101 102 70 69.
102 103 71 70.
103 104 72 71.
104 105 73 72.
105 106 74 73.
106 107 75 74.
107 108 76 75.
108 109 77 76.
109 110 78 77.
110 111 79 78.
111 112 80 79.
112 113 81 80.
113 114 82 81.
114 115 83 82.
115 116 84 83.
116 117 85 84.
117 118 86 85.
118 119 87 86.
119 120 88 87.
120 121 89 88.
121 122 90 89.
122 123 91 90.
123 124 92 91.
124 125 93 92.
125 126 94 93.
126 127 95 94.
127 128 96 95.
128 98 66 96.
130 129 97 98.
129 131 99 97.
131 132 100 99.
132 133 101 100.
133 134 102 101.
134 135 103 102.
135 136 104 103.
136 137 105 104.
137 138 106 105.
138 139 107 106.
139 140 108 107.
140 141 109 108.
141 142 110 109.
142 143 111 110.
143 144 112 111.
144 145 113 112.
145 146 114 113.
146 147 115 114.
147 148 116 115.
148 149 117 116.
149 150 118 117.
150 151 119 118.
151 152 120 119.
152 153 121 120.
153 154 122 121.
154 155 123 122.
155 156 124 123.
156 157 125 124.
157 158 126 125.
158 159 127 126.
159 160 128 127.
160 130 98 128.
138 137 169 170.
311 312 216 215.
137 136 168 169.
310 311 215 214.
136 135 167 168.
309 310 214 213.
135 134 166 167.
130 160 192 162.
308 309 213 212.
134 133 165 166.
160 159 191 192.
307 308 212 211.
133 132 164 165.
159 158 190 191.
306 307 211 210.
132 131 163 164.
158 157 189 190.
305 306 210 209.
131 129 161 163.
157 156 188 189.
304 305 209 208.
129 130 162 161.
156 155 187 188.
303 304 208 207.
155 154 186 187.
302 303 207 206.
154 153 185 186.
301 302 206 205.
153 152 184 185.
300 301 205 204.
152 151 183 184.
299 300 204 203.
194 193 161 162.
193 195 163 161.
195 196 164 163.
196 197 165 164.
197 198 166 165.
198 199 167 166.
199 200 168 167.
200 201 169 168.
201 202 170 169.
202 203 171 170.
203 204 172 171.
204 205 173 172.
205 206 174 173.
206 207 175 174.
207 208 176 175.
208 209 177 176.
209 210 178 177.
210 211 179 178.
211 212 180 179.
212 213 181 180.
213 214 182 181.
214 215 183 182.
215 216 184 183.
216 217 185 184.
217 218 186 185.
218 219 187 186.
219 220 188 187.
220 221 189 188.
221 222 190 189.
222 223 191 190.
223 224 192 191.
224 194 162 192.
312 313 217 216.
139 138 170 171.
313 314 218 217.
140 139 171 172.
314 315 219 218.
141 140 172 173.
315 316 220 219.
290 289 193 194.
142 141 173 174.
316 317 221 220.
289 291 195 193.
143 142 174 175.
317 318 222 221.
291 292 196 195.
144 143 175 176.
318 319 223 222.
292 293 197 196.
145 144 176 177.
319 320 224 223.
293 294 198 197.
146 145 177 178.
320 290 194 224.
294 295 199 198.
147 146 178 179.
295 296 200 199.
148 147 179 180.
296 297 201 200.
149 148 180 181.
297 298 202 201.
150 149 181 182.
298 299 203 202.
151 150 182 183.
247 279 278 246.
234 266 265 233.
248 280 279 247.
235 267 266 234.
249 281 280 248.
236 268 267 235.
250 282 281 249.
237 269 268 236.
251 283 282 250.
238 270 269 237.
252 284 283 251.
239 271 270 238.
226 258 257 225.
253 285 284 252.
240 272 271 239.
227 259 258 226.
254 286 285 253.
241 273 272 240.
228 260 259 227.
255 287 286 254.
242 274 273 241.
229 261 260 228.
256 288 287 255.
243 275 274 242.
230 262 261 229.
225 257 288 256.
244 276 275 243.
231 263 262 230.
245 277 276 244.
232 264 263 231.
246 278 277 245.
233 265 264 232.
257 258 259 260 261 262 263 264 265 266 267 268 269 270 271 272 273 274 275 276 277 278 279 280 281 282 283 284 285 286 287 288.
2 4 289 290.
4 6 291 289.
6 8 292 291.
8 10 293 292.
10 12 294 293.
12 14 295 294.
14 16 296 295.
16 18 297 296.
18 20 298 297.
20 22 299 298.
22 24 300 299.
24 26 301 300.
26 28 302 301.
28 30 303 302.
30 32 304 303.
32 34 305 304.
34 36 306 305.
36 38 307 306.
38 40 308 307.
40 42 309 308.
42 44 310 309.
44 46 311 310.
46 48 312 311.
48 50 313 312.
50 52 314 313.
52 54 315 314.
54 56 316 315.
56 58 317 316.
58 60 318 317.
60 62 319 318.
62 64 320 319.
64 2 290 320.
329 327 328 330.
325 329 330 326.
335 336 334 333.
331 332 336 335.
327 329 335 333.
330 328 334 336.
329 325 331 335.
326 330 336 332.
328 327 333 334.
325 326 332 331.
341 339 340 342.
337 341 342 338.
347 348 346 345.
343 344 348 347.
339 341 347 345.
342 340 346 348.
341 337 343 347.
338 342 348 344.
340 339 345 346.
337 338 344 343.
353 351 352 354.
349 353 354 350.
359 360 358 357.
355 356 360 359.
351 353 359 357.
354 352 358 360.
353 349 355 359.
350 354 360 356.
352 351 357 358.
349 350 356 355.
365 363 364 366.
361 365 366 362.
371 372 370 369.
367 368 372 371.
363 365 371 369.
366 364 370 372.
365 361 367 371.
362 366 372 368.
364 363 369 370.
361 362 368 367.
377 375 376 378.
373 377 378 374.
383 384 382 381.
379 380 384 383.
375 377 383 381.
378 376 382 384.
377 373 379 383.
374 378 384 380.
376 375 381 382.
373 374 380 379.
392 391 423 424.
406 405 437 438.
393 392 424 425.
407 406 438 439.
394 393 425 426.
408 407 439 440.
395 394 426 427.
409 408 440 441.
396 395 427 428.
410 409 441 442.
397 396 428 429.
411 410 442 443.
398 397 429 430.
412 411 443 444.
399 398 430 431.
386 385 417 418.
413 412 444 445.
400 399 431 432.
387 386 418 419.
414 413 445 446.
401 400 432 433.
388 387 419 420.
415 414 446 447.
402 401 433 434.
389 388 420 421.
416 415 447 448.
403 402 434 435.
390 389 421 422.
385 416 448 417.
404 403 435 436.
391 390 422 423.
405 404 436 437.
463 495 494 462.
470 676 675 469.
464 496 495 463.
478 510 509 477.
465 497 496 464.
479 511 510 478.
466 498 497 465.
480 512 511 479.
467 499 498 466.
481 513 512 480.
502 692 676 470.
482 514 513 481.
474 678 694 506.
483 515 514 482.
469 675 673 468.
456 488 489 457.
483 682 698 515.
471 503 502 470.
458 490 488 456.
508 695 696 509.
472 504 503 471.
468 673 674 467.
507 693 695 508.
473 505 504 472.
506 694 693 507.
487 519 518 486.
474 506 505 473.
492 687 688 493.
457 489 519 487.
518 700 684 486.
462 494 493 461.
491 685 687 492.
425 496 497 426.
400 471 470 399.
426 497 498 427.
401 472 471 400.
427 498 499 428.
402 473 472 401.
428 499 500 429.
403 474 473 402.
450 449 521 520.
429 500 501 430.
404 475 474 403.
451 450 520 522.
430 501 502 431.
405 476 475 404.
452 451 522 523.
431 502 503 432.
406 477 476 405.
453 452 523 524.
432 503 504 433.
407 478 477 406.
454 453 524 525.
433 504 505 434.
408 479 478 407.
455 454 525 526.
434 505 506 435.
409 480 479 408.
435 506 507 436.
410 481 480 409.
436 507 508 437.
411 482 481 410.
437 508 509 438.
412 483 482 411.
386 456 457 385.
438 509 510 439.
413 484 483 412.
387 458 456 386.
439 510 511 440.
414 485 484 413.
388 459 458 387.
440 511 512 441.
415 486 485 414.
389 460 459 388.
441 512 513 442.
416 487 486 415.
390 461 460 389.
442 513 514 443.
385 457 487 416.
391 462 461 390.
443 514 515 444.
417 489 488 418.
392 463 462 391.
444 515 516 445.
418 488 490 419.
393 464 463 392.
445 516 517 446.
419 490 491 420.
394 465 464 393.
446 517 518 447.
420 491 492 421.
395 466 465 394.
447 518 519 448.
421 492 493 422.
396 467 466 395.
448 519 489 417.
422 493 494 423.
397 468 467 396.
423 494 495 424.
398 469 468 397.
424 495 496 425.
399 470 469 398.
534 533 565 566.
546 709 711 547.
535 534 566 567.
549 548 580 581.
536 535 567 568.
550 549 581 582.
537 536 568 569.
551 550 582 583.
538 537 569 570.
552 551 583 584.
587 729 730 586.
553 552 584 585.
573 724 723 572.
554 553 585 586.
545 710 709 546.
528 527 559 560.
561 718 702 529.
542 541 573 574.
529 528 560 561.
531 703 704 532.
543 542 574 575.
572 723 721 571.
530 701 703 531.
544 543 575 576.
571 721 722 570.
558 557 589 590.
545 544 576 577.
556 715 716 557.
527 558 590 559.
529 702 701 530.
533 532 564 565.
555 713 715 556.
605 637 636 604.
619 651 650 618.
606 638 637 605.
620 652 651 619.
607 639 638 606.
621 653 652 620.
608 640 639 607.
622 654 653 621.
609 641 640 608.
623 655 654 622.
610 642 641 609.
624 656 655 623.
611 643 642 610.
625 657 656 624.
612 644 643 611.
598 630 631 599.
626 658 657 625.
613 645 644 612.
600 632 630 598.
627 659 658 626.
614 646 645 613.
601 633 632 600.
628 660 659 627.
615 647 646 614.
602 634 633 601.
629 661 660 628.
616 648 647 615.
603 635 634 602.
599 631 661 629.
617 649 648 616.
604 636 635 603.
618 650 649 617.
567 638 639 568.
542 613 612 541.
568 639 640 569.
543 614 613 542.
569 640 641 570.
544 615 614 543.
570 641 642 571.
545 616 615 544.
592 591 663 662.
571 642 643 572.
546 617 616 545.
593 592 662 664.
572 643 644 573.
547 618 617 546.
594 593 664 665.
573 644 645 574.
548 619 618 547.
595 594 665 666.
574 645 646 575.
549 620 619 548.
596 595 666 667.
575 646 647 576.
550 621 620 549.
597 596 667 668.
576 647 648 577.
551 622 621 550.
577 648 649 578.
552 623 622 551.
578 649 650 579.
553 624 623 552.
579 650 651 580.
554 625 624 553.
528 598 599 527.
580 651 652 581.
555 626 625 554.
529 600 598 528.
581 652 653 582.
556 627 626 555.
530 601 600 529.
582 653 654 583.
557 628 627 556.
531 602 601 530.
583 654 655 584.
558 629 628 557.
532 603 602 531.
584 655 656 585.
527 599 629 558.
533 604 603 532.
585 656 657 586.
559 631 630 560.
534 605 604 533.
586 657 658 587.
560 630 632 561.
535 606 605 534.
587 658 659 588.
561 632 633 562.
536 607 606 535.
588 659 660 589.
562 633 634 563.
537 608 607 536.
589 660 661 590.
563 634 635 564.
538 609 608 537.
590 661 631 559.
564 635 636 565.
539 610 609 538.
565 636 637 566.
540 611 610 539.
566 637 638 567.
541 612 611 540.
729 697 698 730.
708 676 692 724.
707 675 676 708.
705 673 675 707.
731 699 697 729.
732 700 699 731.
717 685 686 718.
716 684 700 732.
719 687 685 717.
720 688 687 719.
715 683 684 716.
713 681 683 715.
509 696 680 477.
493 688 672 461.
484 681 682 483.
485 683 681 484.
459 669 670 458.
486 684 683 485.
499 690 689 500.
460 671 669 459.
500 689 691 501.
461 672 671 460.
458 670 686 490.
475 677 678 474.
501 691 692 502.
515 698 697 516.
476 679 677 475.
516 697 699 517.
477 680 679 476.
467 674 690 499.
490 686 685 491.
517 699 700 518.
710 678 677 709.
721 689 690 722.
723 691 689 721.
724 692 691 723.
726 694 678 710.
725 693 694 726.
704 672 688 720.
727 695 693 725.
703 671 672 704.
701 669 671 703.
728 696 695 727.
712 680 696 728.
588 731 729 587.
547 711 712 548.
570 722 706 538.
562 717 718 561.
589 732 731 588.
563 719 717 562.
557 716 732 589.
564 720 719 563.
578 725 726 577.
579 727 725 578.
538 706 705 539.
580 728 727 579.
586 730 714 554.
539 705 707 540.
577 726 710 545.
541 708 724 573.
540 707 708 541.
548 712 728 580.
532 704 720 564.
554 714 713 555.
722 690 674 706.
706 674 673 705.
711 679 680 712.
709 677 679 711.
730 698 682 714.
714 682 681 713.
718 686 670 702.
702 670 669 701.
733 734 736 735.
735 736 740 739.
739 740 738 737.
737 738 734 733.
735 739 737 733.
740 736 734 738.
741 742 744 743.
743 744 748 747.
747 748 746 745.
745 746 742 741.
743 747 745 741.
748 744 742 746.
749 750 752 751.
751 752 756 755.
755 756 754 753.
753 754 750 749.
751 755 753 749.
756 752 750 754.
757 758 760 759.
759 760 764 763.
763 764 762 761.
761 762 758 757.
759 763 761 757.
764 760 758 762.
